name: bohra_dev
channels:
  - conda-forge
  - bioconda
  - defaults
dependencies:
  - _libgcc_mutex=0.1=conda_forge
  - _openmp_mutex=4.5=2_gnu
  - alsa-lib=1.2.8=h166bdaf_0
  - any2fasta=0.4.2=hdfd78af_3
  - bzip2=1.0.8=h7f98852_4
  - c-ares=1.18.1=h7f98852_0
  - ca-certificates=2022.12.7=ha878542_0
  - cairo=1.16.0=h35add3b_1015
  - coreutils=9.2=h0b41bf4_0
  - csvtk=0.25.0=h9ee0642_0
  - curl=7.88.1=hdc1c0ab_1
  - expat=2.5.0=hcb278e6_1
  - font-ttf-dejavu-sans-mono=2.37=hab24e00_0
  - font-ttf-inconsolata=3.000=h77eed37_0
  - font-ttf-source-code-pro=2.038=h77eed37_0
  - font-ttf-ubuntu=0.83=hab24e00_0
  - fontconfig=2.14.2=h14ed4e7_0
  - fonts-conda-ecosystem=1=0
  - fonts-conda-forge=1=0
  - freetype=2.12.1=hca18f0e_1
  - gettext=0.21.1=h27087fc_0
  - giflib=5.2.1=h0b41bf4_3
  - graphite2=1.3.13=h58526e2_1001
  - harfbuzz=6.0.0=h3ff4399_1
  - icu=72.1=hcb278e6_0
  - keyutils=1.6.1=h166bdaf_0
  - krb5=1.20.1=h81ceb04_0
  - lcms2=2.15=haa2dc70_1
  - ld_impl_linux-64=2.40=h41732ed_0
  - lerc=4.0.0=h27087fc_0
  - libcups=2.3.3=h36d4200_3
  - libcurl=7.88.1=hdc1c0ab_1
  - libdeflate=1.18=h0b41bf4_0
  - libedit=3.1.20191231=he28a2e2_2
  - libev=4.33=h516909a_1
  - libexpat=2.5.0=hcb278e6_1
  - libffi=3.4.2=h7f98852_5
  - libgcc-ng=12.2.0=h65d4601_19
  - libglib=2.74.1=h606061b_1
  - libgomp=12.2.0=h65d4601_19
  - libiconv=1.17=h166bdaf_0
  - libjpeg-turbo=2.1.5.1=h0b41bf4_0
  - libnghttp2=1.52.0=h61bc06f_0
  - libnsl=2.0.0=h7f98852_0
  - libpng=1.6.39=h753d276_0
  - libsqlite=3.40.0=h753d276_0
  - libssh2=1.10.0=hf14f497_3
  - libstdcxx-ng=12.2.0=h46fd767_19
  - libtiff=4.5.0=ha587672_6
  - libuuid=2.38.1=h0b41bf4_0
  - libwebp-base=1.3.0=h0b41bf4_0
  - libxcb=1.13=h7f98852_1004
  - libzlib=1.2.13=h166bdaf_4
  - ncurses=6.3=h27087fc_1
  - nextflow=22.10.6=h4a94de4_0
  - openjdk=17.0.3=h4335b31_6
  - openssl=3.1.0=h0b41bf4_0
  - pcre2=10.40=hc3806b6_0
  - perl=5.32.1=2_h7f98852_perl5
  - perl-exporter-tiny=1.002002=pl5321hdfd78af_0
  - perl-list-moreutils=0.430=pl5321hdfd78af_0
  - perl-list-moreutils-xs=0.430=pl5321hec16e2b_1
  - perl-svg=2.87=pl5321hdfd78af_0
  - perl-test-harness=3.44=pl5321hdfd78af_0
  - perl-text-csv=2.01=pl5321hdfd78af_0
  - pip=23.0.1=pyhd8ed1ab_0
  - pixman=0.40.0=h36c2ea0_0
  - pthread-stubs=0.4=h36c2ea0_1001
  - python=3.9.16=h2782a2a_0_cpython
  - readline=8.2=h8228510_1
  - setuptools=67.6.1=pyhd8ed1ab_0
  - tk=8.6.12=h27826a3_0
  - tzdata=2023c=h71feb2d_0
  - wheel=0.40.0=pyhd8ed1ab_0
  - xorg-fixesproto=5.0=h7f98852_1002
  - xorg-inputproto=2.3.2=h7f98852_1002
  - xorg-kbproto=1.0.7=h7f98852_1002
  - xorg-libice=1.0.10=h7f98852_0
  - xorg-libsm=1.2.3=hd9c2040_1000
  - xorg-libx11=1.8.4=h0b41bf4_0
  - xorg-libxau=1.0.9=h7f98852_0
  - xorg-libxdmcp=1.1.3=h7f98852_0
  - xorg-libxext=1.3.4=h0b41bf4_2
  - xorg-libxfixes=5.0.3=h7f98852_1004
  - xorg-libxi=1.7.10=h7f98852_0
  - xorg-libxrender=0.9.10=h7f98852_1003
  - xorg-libxtst=1.2.3=h7f98852_1002
  - xorg-recordproto=1.14.2=h7f98852_1002
  - xorg-renderproto=0.11.1=h7f98852_1002
  - xorg-xextproto=7.3.0=h0b41bf4_1003
  - xorg-xproto=7.0.31=h7f98852_1007
  - xz=5.2.6=h166bdaf_0
  - zlib=1.2.13=h166bdaf_4
  - zstd=1.5.2=h3eb15da_6
  - pip:
    - altair==4.2.2
    - attrs==22.2.0
    - biopython==1.81
    - entrypoints==0.4
    - exceptiongroup==1.1.1
    - iniconfig==2.0.0
    - jinja2==3.1.2
    - jsonschema==4.17.3
    - markupsafe==2.1.2
    - numpy==1.23.1
    - packaging==23.0
    - pandas==1.0.5
    - pluggy==1.0.0
    - psutil==5.9.4
    - pyrsistent==0.19.3
    - pytest==7.2.2
    - python-dateutil==2.8.2
    - pytz==2023.3
    - sh==2.0.3
    - six==1.16.0
    - tomli==2.0.1
    - toolz==0.12.0
prefix: /home/khhor/conda/envs/bohra_dev
